       t      ms    jit  mprot   mexc  shc_ms wait_ms  vpad step
   -0.81   31.76   1841    213   3868     0.0     0.0  
    0.88   25.01      0      0    358     0.0     0.0  
   14.07  145.89  10848   1626 116257     0.0     0.0  
   14.18  107.41   7208    767 116541     0.0     0.0  
   14.22   25.01   7208    767 116541     0.0     0.0  
   29.58   50.02   2123    281   5986     0.0     0.0  step 1/24 (script 2)
   29.62   25.01   2123    281   5986     0.0     0.0  step 1/24 (script 2)
   29.83   33.35   2151     94   2592     0.0     0.0  step 2/24 (script 2)
   32.72   37.51    379     77   1741     0.0     0.0  step 3/24 (script 2)
   35.33   41.68    552    267   3062     0.0     0.0  step 4/24 (script 2)
   35.42   37.51   2635    427   7249     0.0     0.0  step 4/24 (script 2)
   35.46   45.85   2374    357   5158     0.0     0.0  step 4/24 (script 2)
   35.51   50.02   2374    357   5158     0.0     0.0  step 4/24 (script 2)
   35.56   50.02   2374    357   5158     0.0     0.0  step 4/24 (script 2)
   35.60   33.35   2374    357   5158     0.0     0.0  step 4/24 (script 2)
   35.68   41.68   2374    357   5158     0.0     0.0  step 4/24 (script 2)
   35.76   83.36   2882    428   5670     0.0     0.0  step 4/24 (script 2)
   43.44  116.71   3679   1476  17038     0.0     0.0  step 12/24 (script 2)
   43.69  250.09   3769   1478  17139     0.0     0.0  step 12/24 (script 2)
   87.11   41.68    218     18    204     0.0     0.0  step 4/12 (script 3)
   87.16   54.19    218     17    112     0.0     0.0  step 5/12 (script 3)
   87.19   33.35    218     19    847     0.0     0.0  step 5/12 (script 3)
   87.22   29.18    218     19    847     0.0     0.0  step 5/12 (script 3)
   87.26   41.68    218     19    847     0.0     0.0  step 5/12 (script 3)
   87.31   45.85    218     19    847     0.0     0.0  step 5/12 (script 3)
   87.35   37.51    263     15    832     0.0     0.0  step 5/12 (script 3)
   87.39   41.68    263     15    832     0.0     0.0  step 5/12 (script 3)
   87.43   41.68    263     15    832     0.0     0.0  step 6/12 (script 3)
   87.47   41.68     45      2    832     0.0     0.0  step 6/12 (script 3)
   87.52   41.68     45      2    832     0.0     0.0  step 6/12 (script 3)
   87.56   41.68     45      2    940     0.0     0.0  step 6/12 (script 3)
   90.57  108.20   2768    596  38771     0.0     0.0  step 10/12 (script 3)
   90.86   50.02   2815    416  40371     0.0     0.0  step 10/12 (script 3)
   96.10   25.01   1191    297   4247     0.0     0.0  step 8/12 (script 3)
   96.13   29.18   1191    297   4247     0.0     0.0  step 8/12 (script 3)
  101.30   50.02   1333    295   4063     0.0     0.0  step 4/12 (script 3)
  119.66   33.35      0      2    466     0.0     0.0  step 11/12 (script 3)
  132.79   25.01      0      1    592     0.0     0.0  step 9/12 (script 3)
  180.12   25.01      0      0    218     0.0     0.0  step 6/12 (script 3)
  180.61   41.68      0      0    321     0.0     0.0  step 7/12 (script 3)
  180.76   25.01      0      0    425     0.0     0.0  step 7/12 (script 3)
