   t    fps     ft  ftmax  slow    gpu  gpumx |  cpu%   P%   E%  PGHz  EGHz    mW | budget tpl tll    MiB |  jit/s mprot/s  exc/s
   0  119.8   8.39  31.34     3   1.45   1.79 |    79   14   66  2.03  1.92   145 |      -   0   0   2730 |      7       1    754
   5  119.1   8.40  20.84     4   1.55   1.87 |    86   15   71  2.97  2.02   221 |      -   0   0   2583 |      0       1    639
  10   58.4   9.18 158.39     4   2.24   7.07 |   103   67   36  4.17  2.49  2289 |      -   0   0   2733 |   5974    1134  23545
  15  119.9   8.34   8.34     0   5.71   7.44 |   139   96   43  3.97  2.39   749 |      -   0   0   2626 |     22       2    882
  20  120.0   8.34   8.34     0   6.00   7.31 |   144  101   44  2.00  2.00   524 |      -   0   0   2599 |      0       0    889
  25  120.0   8.34   8.34     0   5.87   7.59 |   142   98   44  3.51  2.33   775 |      -   0   0   2600 |    417      58   2310
  30  117.2   8.54  41.68     7   5.48   8.05 |   145  102   43  2.78  2.19   639 |      -   0   0   2606 |    117      23   1178
  35  112.5   8.89  83.36     8   3.71   7.03 |   129   97   32  4.16  2.45  1941 |      -   0   0   2726 |    802     134   2612
  40  111.3   8.99 250.09     3   3.30   4.12 |   102   77   25  3.89  2.07   640 |      -   0   0   2732 |    801     302   4274
  45  120.0   8.34   8.34     0   2.73   3.30 |    96   68   28  3.74  2.23   530 |      -   0   0   2733 |     21       1    744
  50  119.7   8.35  16.67     1   2.82   3.59 |   104   64   40  1.68  2.11   364 |      -   0   0   2734 |    113       9    878
  55  120.0   8.34   8.34     0   2.86   3.31 |    95   67   28  3.34  2.16   480 |      -   0   0   2735 |      0       1    725
  60  120.0   8.34   8.34     0   2.75   3.18 |    94   67   27  2.33  2.09   373 |      -   0   0   2736 |      0       1    761
  65  120.0   8.34   8.34     0   2.78   3.26 |    96   68   28  3.41  2.29   477 |      -   0   0   2741 |      0       1    740
  70  119.3   8.39  20.84     4   2.55   3.27 |   115   47   68  1.59  2.09   307 |      -   0   0   2741 |      0       1    763
  75  120.0   8.34   8.34     0   2.59   3.35 |   112   55   57  3.89  2.22   491 |      -   0   0   2741 |      0       1    767
  80  119.9   8.34   8.34     0   2.76   3.32 |    91   66   24  2.71  2.23   401 |      -   0   0   2742 |      4       2    773
  85  106.5   9.40  62.52    12   2.70   3.29 |   104   70   34  4.19  2.07  1309 |      -   0   0   2742 |   1419     360    573
  90   82.9   8.69 114.06     4   4.76   7.41 |   134  105   29  4.02  2.53  2041 |      -   0   0   2871 |   1551     260   9213
  95  119.1   8.40  37.51     2   5.36   7.18 |   149  109   40  3.96  2.41  1952 |      -   0   0   2871 |    367      81   1777
 100  118.7   8.43  58.35     1   5.06   7.04 |   143  108   35  3.74  2.41  2166 |      -  10   0   2882 |    478     100   2019
 105  120.0   8.34   8.34     0   5.14   7.03 |   150  113   37  3.64  2.48  2086 |      -  10   0   2877 |    168      15    888
 110  120.0   8.34   8.34     0   5.09   6.95 |   142  108   33  3.63  2.47  1930 |      -  10   0   2879 |     33       5    870
 115  120.0   8.34   8.34     0   5.28   6.91 |   145  112   34  3.58  2.46  1952 |      -  10   0   2881 |     16       2    853
 120  119.9   8.34   8.34     0   5.38   7.06 |   142  107   35  3.74  2.52  2074 |      -  10   0   2881 |     18       2    894
 125  120.0   8.34   8.34     0   5.16   7.05 |   148  109   39  3.58  2.46  2052 |      -  10   1   2882 |      3       2    846
 130  119.1   8.40  20.84     4   5.35   6.94 |   145  108   37  3.86  2.50  1941 |      -  20   2   2884 |      0       1    825
 135  120.0   8.34   8.34     0   5.41   6.93 |   142  109   33  3.55  2.43  2030 |      -  20   3   2885 |     10       1    885
 140  119.4   8.38  20.84     3   5.14   7.99 |   170  125   45  3.52  2.52  1720 |      -  20   3   2893 |      1       1    906
 145  119.1   8.40  20.84     4   6.05   7.63 |   268  168  100  2.19  2.32   963 |      -  20   4   2895 |      0       1    829
 150  119.5   8.37  16.67     2   5.99   7.41 |   256  162   94  2.14  2.38  1114 |      -  20   4   2893 |      0       1    887
 155  120.0   8.34   8.34     0   6.05   7.44 |   247  157   90  2.12  2.40  1076 |      -  20   4   2901 |      0       1    888
 160  120.0   8.34   8.34     0   6.24   7.53 |   251  158   93  2.18  2.39  1117 |      -  20   4   2897 |      0       1    927
 165  120.0   8.34   8.34     0   6.04   7.39 |   243  156   87  2.12  2.36  1094 |      -  20   4   2896 |      0       1    963
 170  118.7   8.42  20.84     6   6.10   7.47 |   275  167  108  1.98  2.37  1022 |      -  20   4   2904 |      0       1    811
 175  120.0   8.34   8.34     0   6.12   7.43 |   270  163  107  1.79  2.09   933 |      -  20   4   2900 |      0       1    755
 180  116.1   8.62  20.84    14   5.63   7.45 |   308  182  127  1.61  2.09   854 |      -  20   4   2904 |      0       0    493
summary {"buckets": 37, "bucket_s": 5.0, "fps_min": 58.4, "fps_median": 119.9, "share_at_120": 0.86, "first_drop_s": 85, "budget_start_mw": null, "budget_min_mw": null, "first_pressure_s": 100, "max_pressure": 20, "log_bytes": 10567436, "hitches": {"25": 33, "50": 12, "100": 4}}
