       t      ms    jit  mprot   mexc  shc_ms wait_ms  vpad step
   -0.81   31.34   1842    115   3944     0.0     0.0  
   14.11  158.39   6693   1047 116236     0.0     0.0  
   14.19   74.97   6722   1047 116437     0.0     0.0  
   14.21   25.01   1906    151 116437     0.0     0.0  
   29.64   41.68   1474    264   6114     0.0     0.0  step 1/24 (script 2)
   29.90   37.51   2083    162   7589     0.0     0.0  step 2/24 (script 2)
   32.80   37.51    369     78   1771     0.0     0.0  step 3/24 (script 2)
   35.40   41.68    705    269   2066     0.0     0.0  step 4/24 (script 2)
   35.49   37.51   2437    441   6659     0.0     0.0  step 4/24 (script 2)
   35.54   45.85   2426    433   6530     0.0     0.0  step 4/24 (script 2)
   35.59   50.02   2426    433   6530     0.0     0.0  step 4/24 (script 2)
   35.64   50.02   2426    433   6530     0.0     0.0  step 4/24 (script 2)
   35.67   33.35   2078    371   4593     0.0     0.0  step 4/24 (script 2)
   35.75   41.68   2078    371   4593     0.0     0.0  step 4/24 (script 2)
   35.84   83.36   2303    232   5932     0.0     0.0  step 4/24 (script 2)
   43.52  125.04   3653   1466  17046     0.0     0.0  step 12/24 (script 2)
   43.77  250.09   3765   1469  17144     0.0     0.0  step 12/24 (script 2)
   86.98   41.68    218     17    214     0.0     0.0  step 4/12 (script 3)
   87.02   41.68    218     19    214     0.0     0.0  step 5/12 (script 3)
   87.08   62.52    218     19    214     0.0     0.0  step 5/12 (script 3)
   87.14   45.85    253     19    939     0.0     0.0  step 5/12 (script 3)
   87.18   37.51    253     19    939     0.0     0.0  step 5/12 (script 3)
   87.23   50.02    253     16    939     0.0     0.0  step 5/12 (script 3)
   87.26   33.35    253     16    939     0.0     0.0  step 5/12 (script 3)
   87.31   45.85    253     16    939     0.0     0.0  step 6/12 (script 3)
   87.35   37.51    253      2    822     0.0     0.0  step 6/12 (script 3)
   87.39   41.68    253      2    822     0.0     0.0  step 6/12 (script 3)
   87.43   41.68     35      2   1032     0.0     0.0  step 6/12 (script 3)
   90.41  114.06   5468   1059  40198     0.0     0.0  step 10/12 (script 3)
   90.43   25.01   2705    464  40198     0.0     0.0  step 10/12 (script 3)
   90.69   50.02   3093    308  40198     0.0     0.0  step 10/12 (script 3)
   95.95   37.51   1260    289   3807     0.0     0.0  step 8/12 (script 3)
  101.16   58.35   1301    302   3799     0.0     0.0  step 4/12 (script 3)
