   t    fps     ft  ftmax  slow    gpu  gpumx |  cpu%   P%   E%  PGHz  EGHz    mW | budget tpl tll    MiB |  jit/s mprot/s  exc/s
   0  119.1   8.42  31.76     5   1.46   1.98 |    82   13   69  1.71  2.10   138 |      -   0   0   2756 |     12       1    719
   5  120.0   8.34   8.34     0   1.61   2.00 |    87   13   73  3.13  1.84   217 |      -   0   0   2607 |      0       1    675
  10   57.8   9.25 145.89     4   2.42   7.07 |   103   71   32  4.12  2.49  2303 |      -   0   0   2754 |   6009    1128  23547
  15  120.0   8.34   8.34     0   6.01   7.39 |   139   96   42  4.03  2.39   770 |      -   0   0   2646 |     15       2    884
  20  119.9   8.34   8.34     0   5.84   7.43 |   146  103   44  1.74  2.03   524 |      -   0   0   2617 |      0       0    845
  25  120.0   8.34   8.34     0   5.81   7.43 |   138   97   41  3.94  2.43   843 |      -   0   0   2618 |    430      57   2286
  30  117.0   8.55  50.02     6   5.80   7.95 |   145  101   43  2.68  2.03   637 |      -   0   0   2624 |    109      23   1130
  35  112.5   8.89  83.36     8   3.53   7.36 |   131   98   33  4.16  2.45  1894 |      -   0   0   2748 |    838     133   2640
  40  111.3   8.98 250.09     4   3.30   3.88 |   103   79   24  3.63  2.06   656 |      -   0   0   2749 |    802     304   4275
  45  120.0   8.34   8.34     0   2.72   3.21 |    95   68   27  3.63  2.21   553 |      -  10   0   2750 |      2       1    715
  50  120.0   8.34   8.34     0   2.87   3.29 |    94   71   22  2.51  2.19   401 |      -  10   0   2750 |    130       9    893
  55  120.0   8.34   8.34     0   2.90   3.56 |    94   68   26  3.60  2.35   504 |      -  10   0   2753 |      0       1    735
  60  119.9   8.34   8.34     0   2.78   3.33 |    96   70   26  1.69  2.07   371 |      -  10   0   2753 |      0       1    746
  65  120.0   8.34   8.34     0   2.74   3.22 |    95   68   28  3.80  2.21   482 |      -  10   0   2758 |      0       1    739
  70  120.0   8.34   8.34     0   2.69   3.28 |   107   61   46  1.59  2.08   344 |      -  10   0   2758 |      0       1    794
  75  120.0   8.34   8.34     0   2.72   3.32 |    93   69   24  4.02  2.45   553 |      -  10   0   2758 |      0       1    725
  80  119.9   8.34   8.34     0   2.73   3.34 |    98   70   28  2.72  2.11   408 |      -  10   0   2759 |      4       2    745
  85  106.8   9.37  54.19    12   2.68   3.40 |   105   70   35  4.12  2.10  1171 |      -  10   0   2759 |   1170     293    635
  90   82.2   8.70 108.20     6   4.86   7.42 |   132  101   31  4.10  2.54  2260 |      -  10   0   2891 |   1826     333   9195
  95  118.7   8.43  29.18     3   5.44   7.21 |   150  110   39  3.74  2.49  1913 |      -  10   0   2898 |    348      82   1810
 100  118.5   8.44  50.02     3   5.17   7.02 |   145  110   34  3.73  2.42  2019 |      -  10   0   2899 |    486      94   1944
 105  120.0   8.34   8.34     0   5.29   7.01 |   148  111   37  3.97  2.49  2153 |      -  10   0   2896 |    158      16    917
 110  120.0   8.34   8.34     0   5.23   7.01 |   141  108   32  3.69  2.42  1941 |      -  10   0   2896 |     38       5    892
 115  119.1   8.40  33.35     2   5.45   7.03 |   143  109   34  3.68  2.47  2095 |      -  10   1   2898 |     18       2    843
 120  120.0   8.34   8.34     0   5.52   7.08 |   143  109   34  3.47  2.43  1874 |      -  20   2   2899 |      2       1    828
 125  120.0   8.34   8.34     0   5.16   7.02 |   147  112   35  3.56  2.47  1896 |      -  20   2   2899 |     22       2    870
 130  119.3   8.38  25.01     3   5.23   8.03 |   146  111   35  3.48  2.49  1836 |      -  20   3   2900 |      0       1    879
 135  119.6   8.37  20.84     2   5.64   7.43 |   257  163   94  2.80  2.47  1118 |      -  20   3   2907 |      4       2    802
 140  116.4   8.60  20.84    18   5.95   7.68 |   259  164   95  2.22  2.38  1050 |      -  20   4   2912 |     10       2    891
 145  120.0   8.34   8.34     0   6.18   7.46 |   245  158   87  2.17  2.38  1116 |      -  20   4   2908 |      1       1    891
 150  120.0   8.34   8.34     0   6.06   7.40 |   255  159   96  2.22  2.39  1090 |      -  20   4   2909 |      1       1    907
 155  120.0   8.34   8.34     0   6.08   7.50 |   250  158   92  2.14  2.38  1089 |      -  20   4   2912 |      0       1    904
 160  119.2   8.39  20.84     4   6.12   7.29 |   267  165  102  1.88  2.39   954 |      -  20   4   2912 |      0       1    824
 165  119.4   8.38  16.67     3   6.09   7.95 |   285  173  112  1.64  2.09   907 |      -  20   4   2918 |      0       1    786
 170  111.5   8.97  20.84    40   5.50   7.59 |   305  179  125  1.31  1.70   801 |      -  20   4   2922 |      0       1    798
 175  111.4   8.98  20.84    48   5.44   7.56 |   291  166  125  1.31  1.69   747 |      -  20   4   2924 |      0       1    779
 180  100.1   9.99  41.68    52   5.45   7.82 |   289  151  138  1.31  1.70   713 |      -  20   4   2923 |      0       0    466
summary {"buckets": 37, "bucket_s": 5.0, "fps_min": 57.8, "fps_median": 119.9, "share_at_120": 0.78, "first_drop_s": 85, "budget_start_mw": null, "budget_min_mw": null, "first_pressure_s": 45, "max_pressure": 20, "log_bytes": 10513340, "hitches": {"25": 41, "50": 12, "100": 5}}
