       t      ms    jit  mprot   mexc  shc_ms wait_ms  vpad step
   -0.81   25.14   1841      1   3944    33.5     0.0  
    0.88   25.01      0      0    429     0.0     0.0  
   14.13  175.06  10560   1681 116259    26.9     2.3  
   14.20   71.48   6589    626 116259    26.9     2.3  
   14.24   41.68   6589    626 116456    26.9     2.3  
   29.61   58.35   2046    282   7551     0.0     0.0  step 1/24 (script 2)
   29.66   29.18   2046    282   7551     0.0     0.0  step 2/24 (script 2)
   29.86   37.51    745     97   7649     0.0     0.0  step 2/24 (script 2)
   32.75   37.51    382     82   1746     0.0     0.0  step 3/24 (script 2)
   35.36   41.68    622    165   2181     0.0     0.0  step 4/24 (script 2)
   35.44   33.35   2108    343   6612     0.0     0.0  step 4/24 (script 2)
   35.49   50.02   2108    343   6612     1.2     0.0  step 4/24 (script 2)
   35.54   50.02   2108    343   6612     1.2     0.0  step 4/24 (script 2)
   35.59   50.02   2108    343   6612     1.2     0.0  step 4/24 (script 2)
   35.62   33.35   2108    343   6612     1.2     0.0  step 4/24 (script 2)
   35.70   41.68   2974    441   7838     1.2     0.0  step 4/24 (script 2)
   35.79   83.36   2710    346   5891     1.2     0.0  step 4/24 (script 2)
   43.46  108.37   3708   1474  17243     1.8     1.5  step 12/24 (script 2)
   43.70  241.75   3782   1477  17241     1.8     1.5  step 12/24 (script 2)
   87.13   41.68      0     19    846     0.0     0.0  step 4/12 (script 3)
   87.17   41.68      0     19    846     0.0     0.0  step 5/12 (script 3)
   87.23   62.52    262     21   1049     0.0     0.0  step 5/12 (script 3)
   87.29   45.85    262     20    954     0.0     0.0  step 5/12 (script 3)
   87.34   45.85    262     20    954     0.0     0.0  step 5/12 (script 3)
   87.38   41.68    262     17    954     0.0     0.0  step 5/12 (script 3)
   87.41   33.35    262     17    954     0.0     0.0  step 5/12 (script 3)
   87.46   45.85    262     17    954     0.0     0.0  step 6/12 (script 3)
   87.50   37.51    262     17    954     0.0     0.0  step 6/12 (script 3)
   87.55   41.68    262      2    406     0.0     0.0  step 6/12 (script 3)
   87.59   41.68    262      2    406     0.0     0.0  step 6/12 (script 3)
   90.57  110.37   4322    839  39167    25.6     2.4  step 10/12 (script 3)
   90.60   25.01   2487    362  39167    25.6     0.0  step 10/12 (script 3)
   90.86   50.02   2214    347  40384     0.0     0.0  step 10/12 (script 3)
   96.09   25.01   1195    293   4250     1.8     0.2  step 8/12 (script 3)
   96.12   33.35   1195    293   4250     1.8     0.2  step 8/12 (script 3)
  101.33   41.68   1396    295   3811     0.0     0.0  step 4/12 (script 3)
  139.81   25.01      0      0    338     0.0     0.0  step 8/12 (script 3)
  139.84   29.18      0      0    338     0.0     0.0  step 8/12 (script 3)
