   t    fps     ft  ftmax  slow    gpu  gpumx |  cpu%   P%   E%  PGHz  EGHz    mW | budget tpl tll    MiB |  jit/s mprot/s  exc/s
   0  119.4   8.40  25.14     3   1.45   1.80 |    82   13   69  1.73  1.76   136 |      -   0   0   2755 |      8       1    743
   5  120.0   8.34   8.34     0   1.56   1.82 |    88   17   70  3.16  1.97   227 |      -   0   0   2608 |      1       1    640
  10   57.9   9.26 175.06     3   2.36   7.30 |   103   66   37  4.10  2.50  2216 |      -   0   0   2751 |   5983    1127  23540
  15  120.0   8.34   8.34     0   5.48   7.63 |   137   95   42  3.83  2.41   780 |      -   0   0   2644 |     24       2    857
  20  120.0   8.34   8.34     0   5.77   7.47 |   145  100   45  1.91  2.09   524 |      -   0   0   2618 |      0       0    877
  25  120.0   8.34   8.34     0   5.97   7.36 |   141   98   43  3.65  2.41   791 |      -   0   0   2618 |    415      57   2298
  30  116.4   8.60  58.35     8   5.62   7.58 |   143  100   43  2.72  2.08   643 |      -   0   0   2624 |    106      23   1090
  35  112.6   8.89  83.36     8   3.61   7.35 |   131   97   33  4.13  2.48  1836 |      -  10   0   2747 |    862     136   2648
  40  111.7   8.95 241.75     4   3.34   4.56 |   101   79   23  3.68  2.07   675 |      -  10   0   2756 |    803     304   4230
  45  120.0   8.34   8.34     0   2.77   3.48 |    97   67   30  3.88  2.36   552 |      -  10   0   2751 |      2       1    750
  50  120.0   8.34   8.34     0   2.86   3.33 |    95   70   25  2.14  2.11   393 |      -  10   0   2751 |    131       9    863
  55  120.0   8.34   8.34     0   2.92   3.53 |    98   69   29  3.54  2.15   482 |      -  10   0   2753 |      0       1    780
  60  120.0   8.34   8.34     0   2.77   3.36 |    99   67   32  1.59  2.08   365 |      -  10   0   2753 |      0       1    731
  65  120.0   8.34   8.34     0   2.75   3.22 |    96   67   29  3.12  2.25   465 |      -  10   0   2758 |      0       1    739
  70  120.0   8.34   8.34     0   2.68   3.27 |   104   59   45  1.59  2.08   342 |      -  10   0   2759 |      0       1    767
  75  119.3   8.38  20.84     3   2.71   3.38 |    98   66   32  3.41  2.17   519 |      -  10   0   2759 |      0       1    744
  80  120.0   8.34   8.34     0   2.74   3.21 |    97   66   31  2.95  2.26   386 |      -  10   0   2759 |      4       2    734
  85  106.8   9.37  62.52    12   2.69   3.17 |   103   69   34  4.14  2.07  1252 |      -  10   0   2760 |   1599     358    627
  90   82.7   8.67 110.37     3   4.91   7.03 |   134  105   29  3.98  2.50  2045 |      -  10   0   2892 |   1345     268   9261
  95  118.8   8.43  33.35     4   5.22   7.08 |   147  108   39  3.78  2.51  1932 |      -  10   0   2901 |    354      80   1723
 100  119.1   8.40  41.68     1   4.98   7.12 |   144  108   35  3.83  2.45  2077 |      -  10   0   2901 |    500      93   1939
 105  120.0   8.34   8.34     0   5.24   7.28 |   152  114   38  3.64  2.47  2028 |      -  10   0   2894 |    157      16    896
 110  120.0   8.34   8.34     0   5.30   7.11 |   143  109   34  3.50  2.46  1895 |      -  10   0   2896 |     39       5    912
 115  120.0   8.34   8.34     0   5.27   7.00 |   145  111   34  3.66  2.52  2029 |      -  10   1   2901 |     30       2    852
 120  120.0   8.34   8.34     0   5.45   7.16 |   144  107   37  3.67  2.42  1997 |      -  20   2   2898 |      2       1    843
 125  120.0   8.34   8.34     0   5.16   7.02 |   147  108   39  3.71  2.47  2058 |      -  20   3   2899 |      0       2    834
 130  120.0   8.34   8.34     0   5.84   7.48 |   179  128   51  3.73  2.46  1578 |      -  20   3   2902 |      0       1    917
 135  120.0   8.34   8.34     0   6.18   7.23 |   255  160   95  2.22  2.38  1108 |      -  20   4   2909 |      0       1    897
 140  118.3   8.45  29.18     6   5.92   7.58 |   260  162   98  2.09  2.41  1068 |      -  20   4   2911 |      0       1    868
 145  120.0   8.34   8.34     0   5.87   7.46 |   247  156   91  2.22  2.36  1079 |      -  20   4   2907 |      0       0    440
summary {"buckets": 30, "bucket_s": 5.0, "fps_min": 57.9, "fps_median": 120.0, "share_at_120": 0.83, "first_drop_s": 85, "budget_start_mw": null, "budget_min_mw": null, "first_pressure_s": 35, "max_pressure": 20, "log_bytes": 9235358, "hitches": {"25": 38, "50": 12, "100": 4}}
