   t    fps     ft  ftmax  slow    gpu  gpumx |  cpu%   P%   E%  PGHz  EGHz    mW | budget tpl tll    MiB |  jit/s mprot/s  exc/s
   0  119.1   8.45  52.51     6   1.41   1.81 |    87   25   62  3.67  2.26   564 |      -   0   0   2748 |     20       4    784
   5  119.6   8.37  25.01     1   1.53   1.85 |    87   16   71  3.03  1.81   215 |      -   0   0   2601 |      0       1    668
  10   58.1   9.18 150.05     4   2.27   7.48 |   102   70   33  4.14  2.46  2237 |      -   0   0   2742 |   6030    1132  23583
  15  120.0   8.34   8.34     0   6.16   7.40 |   147  101   46  3.04  2.28   649 |      -   0   0   2635 |      6       0    857
  20  120.0   8.34   8.34     0   5.62   7.60 |   139   96   42  4.07  2.35   664 |      -   0   0   2609 |      0       0    835
  25  120.0   8.34   8.34     0   5.86   7.39 |   143   99   45  3.38  2.30   565 |      -   0   0   2620 |      0       0    821
  30  116.8   8.57  50.02     7   5.71   7.97 |   141   99   42  3.78  2.44   860 |      -   0   0   2685 |    536      79   2618
  35  112.5   8.89  83.36     8   4.35   7.27 |   143  105   38  4.12  2.49  1843 |      -   0   0   2754 |    835     133   2632
  40  119.5   8.37  20.84     2   3.47   4.07 |   105   78   27  3.39  2.17   598 |      -   0   0   2740 |    770     301   4268
  45  111.5   8.97 250.09     3   2.79   3.76 |    96   67   29  3.81  2.08   551 |      -   0   0   2745 |     34       3    715
  50  120.0   8.34   8.34     0   2.83   3.57 |    93   69   25  3.57  2.21   575 |      -   0   0   2749 |    130       9    895
  55  120.0   8.34   8.34     0   2.95   3.51 |    96   68   28  1.59  2.07   368 |      -   0   0   2751 |      0       1    732
  60  119.9   8.34   8.34     0   2.79   3.32 |    95   68   27  3.20  2.25   472 |      -   0   0   2751 |      0       1    736
  65  120.0   8.34   8.34     0   2.79   3.39 |    97   67   30  1.59  2.08   363 |      -   0   0   2752 |      0       1    757
  70  120.0   8.34   8.34     0   2.74   3.39 |   104   63   41  3.63  2.22   462 |      -   0   0   2752 |      0       1    751
  75  120.0   8.34   8.34     0   2.80   3.34 |    97   68   29  1.59  2.08   363 |      -   0   0   2752 |      0       1    766
  80  120.0   8.34   8.34     0   2.59   3.35 |   112   55   57  3.86  2.35   495 |      -   0   0   2753 |      0       1    730
  85  109.8   9.11  58.35    17   2.78   3.45 |   100   58   42  1.59  2.09   326 |      -   0   0   2757 |     57       9    808
  90   68.7   8.92 111.87     4   4.89   6.59 |   128  105   23  4.18  2.49  2684 |      -   0   0   2854 |   2918     610   8982
  95  119.0   8.41  25.01     3   5.21   7.09 |   144  108   36  3.81  2.42  1746 |      -   0   0   2871 |    396      86   1801
 100  119.1   8.40  50.02     1   5.34   7.33 |   145  109   36  3.93  2.43  2163 |      -   0   0   2866 |    503      93   1997
 105  120.0   8.34   8.34     0   5.14   7.17 |   145  109   36  3.73  2.52  1890 |      -  10   0   2868 |    141      11    881
 110  120.0   8.34   8.34     0   5.37   7.10 |   146  111   35  4.04  2.50  2117 |      -  10   0   2871 |     67       9    898
 115  120.0   8.34   8.34     0   5.50   6.96 |   144  110   34  3.47  2.43  1862 |      -  10   0   2872 |     27       2    876
 120  120.0   8.34   8.34     0   5.19   7.04 |   145  111   35  3.57  2.45  1936 |      -  10   0   2874 |      2       1    830
 125  120.0   8.34   8.34     0   5.35   7.02 |   142  109   33  3.35  2.47  1768 |      -  10   0   2874 |      0       1    889
 130  120.0   8.34   8.34     0   5.80   7.03 |   147  111   36  3.53  2.47  1952 |      -  10   1   2875 |      0       1    856
 135  118.1   8.47  75.03     2   5.13   7.03 |   143  107   36  3.62  2.44  1877 |      -  20   2   2878 |      0       1    838
 140  120.0   8.34   8.34     0   5.48   6.98 |   148  113   35  3.55  2.49  1929 |      -  20   2   2881 |      0       1    847
 145  120.0   8.34   8.34     0   5.37   7.41 |   162  120   42  3.38  2.48  1662 |      -  20   3   2881 |      0       1    650
summary {"buckets": 30, "bucket_s": 5.0, "fps_min": 58.1, "fps_median": 120.0, "share_at_120": 0.83, "first_drop_s": 85, "budget_start_mw": null, "budget_min_mw": null, "first_pressure_s": 105, "max_pressure": 20, "log_bytes": 9293367, "hitches": {"25": 36, "50": 16, "100": 4}}
