       t      ms    jit  mprot   mexc  shc_ms wait_ms  vpad step
   -0.81   52.51   3010    389   6291     2.1     0.0  
    8.20   25.01      0      0    628     0.0     0.0  
   14.12  150.05   8899   1112 116363    10.0     1.8  
   14.21   92.43   8899   1112 116363    10.0     1.8  
   31.04   50.02   2134    280   7567     0.0     0.0  step 1/24 (script 2)
   31.08   25.01   2134    280   7567     0.0     0.0  step 1/24 (script 2)
   31.29   37.51   2162    271   7376     0.0     0.0  step 2/24 (script 2)
   34.18   37.51    379     77   1896     0.0     0.0  step 3/24 (script 2)
   36.78   41.68   1641    331   2195     0.0     0.0  step 4/24 (script 2)
   36.87   33.35   1551    261   1949     0.0     0.0  step 4/24 (script 2)
   36.92   50.02   1551    261   1949     0.2     0.0  step 4/24 (script 2)
   36.98   58.35   2066    337   6004     0.2     0.0  step 4/24 (script 2)
   37.03   50.02   2066    337   6004     0.2     0.0  step 4/24 (script 2)
   37.06   25.01   2066    337   6004     0.2     0.0  step 4/24 (script 2)
   37.14   41.68   2675    413   5298     0.2     0.0  step 4/24 (script 2)
   37.22   83.36   2675    413   5298     0.2     0.0  step 4/24 (script 2)
   44.91  116.71   3679   1463  17048     0.4     0.0  step 12/24 (script 2)
   45.16  250.09   3766   1473  17239     0.4     0.0  step 12/24 (script 2)
   88.38   41.68    103     16    209     0.0     0.0  step 4/12 (script 3)
   88.44   54.19    103     18    939     0.0     0.0  step 5/12 (script 3)
   88.50   58.35    103     18    875     0.0     0.0  step 5/12 (script 3)
   88.55   45.85    103     18    875     0.0     0.0  step 5/12 (script 3)
   88.59   37.51    103     15    875     0.0     0.0  step 5/12 (script 3)
   88.63   37.51    263     15    978     0.0     0.0  step 5/12 (script 3)
   88.67   41.68    160     15    978     0.0     0.0  step 5/12 (script 3)
   88.71   37.51    160     15    978     0.0     0.0  step 6/12 (script 3)
   88.75   41.68    160      2    833     0.0     0.0  step 6/12 (script 3)
   88.79   41.68    160      2    833     0.0     0.0  step 6/12 (script 3)
   88.83   41.68    160      2    942     0.0     0.0  step 6/12 (script 3)
   91.81  111.87   5441    929  38840     5.2     0.0  step 10/12 (script 3)
   91.83   25.01   4309    688  40209     5.2     0.0  step 10/12 (script 3)
   92.09   50.02   1838    309  40209     0.0     0.0  step 10/12 (script 3)
   97.32   25.01   1253    295   4367     0.2     0.0  step 8/12 (script 3)
   97.34   25.01   1253    295   4147     0.2     0.0  step 8/12 (script 3)
  102.57   50.02   1377    290   3932     0.0     0.0  step 4/12 (script 3)
  138.78   75.03      0      0    698     0.0     0.0  step 6/12 (script 3)
