       t      ms    jit  mprot   mexc  shc_ms wait_ms  vpad step
   -0.81   41.21   1838    214   3948     1.9     0.0  
   14.13  175.06   8378    768 116367    10.4     1.6  
   14.20   75.39   8378    768 116367    10.4     1.6  
   14.25   41.68   8378    768 116367    10.4     1.6  
   29.63   50.02   1949    261   6093     0.0     0.0  step 1/24 (script 2)
   29.88   37.51   2038     94   2608     0.0     0.0  step 2/24 (script 2)
   32.77   37.51    360     78   1783     0.0     0.0  step 3/24 (script 2)
   35.37   41.68   2536    417   6407     0.0     0.0  step 4/24 (script 2)
   35.47   33.35   2525    406   6283     0.0     0.0  step 4/24 (script 2)
   35.52   50.02   2525    406   6283     0.2     0.0  step 4/24 (script 2)
   35.57   50.02   2525    406   6283     0.2     0.0  step 4/24 (script 2)
   35.62   50.02   2525    406   6283     0.2     0.0  step 4/24 (script 2)
   35.65   25.01   2525    372   6283     0.2     0.0  step 4/24 (script 2)
   35.73   41.68   2861    403   5480     0.2     0.0  step 4/24 (script 2)
   35.81   83.36   2861    403   5480     0.2     0.0  step 4/24 (script 2)
   43.51  116.71   3649   1463  17040     0.5     0.2  step 12/24 (script 2)
   43.76  250.09   3786   1474  17356     0.5     0.2  step 12/24 (script 2)
   86.97   41.68      0     17    838     0.0     0.0  step 4/12 (script 3)
   87.01   41.68      0     19    838     0.0     0.0  step 5/12 (script 3)
   87.06   50.02      0     20    838     0.0     0.0  step 5/12 (script 3)
   87.09   25.01      0     20    838     0.0     0.0  step 5/12 (script 3)
   87.13   41.68    262     20   1048     0.0     0.0  step 5/12 (script 3)
   87.17   41.68    262     20   1048     0.0     0.0  step 5/12 (script 3)
   87.22   45.85    262     16    953     0.0     0.0  step 5/12 (script 3)
   87.26   37.51    262     16    953     0.0     0.0  step 5/12 (script 3)
   87.30   41.68    262     16    953     0.0     0.0  step 6/12 (script 3)
   87.34   41.68    262      3    953     0.0     0.0  step 6/12 (script 3)
   87.38   41.68    262      3   1156     0.0     0.0  step 6/12 (script 3)
   87.42   41.68    262      3   1156     0.0     0.0  step 6/12 (script 3)
   90.40  117.89   5018    966  38283     1.7     0.0  step 10/12 (script 3)
   90.42   25.01   1987    423  38283     1.7     0.0  step 10/12 (script 3)
   90.68   50.02   2353    339  39341     0.3     0.0  step 10/12 (script 3)
   95.94   41.68   1245    298   4051     0.2     0.0  step 8/12 (script 3)
   95.97   25.01   1245    298   4051     0.2     0.0  step 8/12 (script 3)
  101.16   50.02   1341    292   3941     0.0     0.0  step 4/12 (script 3)
  176.88   25.01      0      0    455     0.0     0.0  step 1/12 (script 3)
  197.01   25.01      0      0    466     0.0     0.0  step 10/12 (script 3)
  197.17   25.01      0      0    348     0.0     0.0  step 10/12 (script 3)
  200.79   25.01      0      1    540     0.0     0.0  step 5/12 (script 3)
  212.78   25.01      0      0    665     0.0     0.0  step 1/12 (script 3)
  215.99   25.01      0      1    600     0.0     0.0  step 7/12 (script 3)
  216.02   25.01      0      1    477     0.0     0.0  step 7/12 (script 3)
  217.40   25.01      0      0    436     0.0     0.0  step 8/12 (script 3)
  234.12   25.01      0      0    470     0.0     0.0  step 1/12 (script 3)
  237.70   33.35      0      0    475     0.0     0.0  step 8/12 (script 3)
  237.89   66.69      0      0    357     0.0     0.0  step 8/12 (script 3)
  241.79   50.02      0      0    550     0.0     0.0  step 1/12 (script 3)
  241.84   37.51      0      0    550     0.0     0.0  step 1/12 (script 3)
