   t    fps     ft  ftmax  slow    gpu  gpumx |  cpu%   P%   E%  PGHz  EGHz    mW | budget tpl tll    MiB |  jit/s mprot/s  exc/s
   0  119.4   8.42  41.21     4   1.44   1.73 |    82   12   70  1.81  1.86   136 |      -   0   0   2746 |     12       1    725
   5  120.0   8.34   8.34     0   1.55   1.91 |    84   18   66  2.96  1.93   228 |      -   0   0   2600 |      0       1    680
  10   57.9   9.28 175.06     3   2.15   6.86 |   105   66   39  4.12  2.49  2305 |      -   0   0   2741 |   6002    1133  23552
  15  119.9   8.34   8.34     0   5.56   7.41 |   135   93   42  4.12  2.40   766 |      -   0   0   2644 |     17       2    853
  20  120.0   8.34   8.34     0   6.09   7.41 |   144  101   44  1.78  2.05   519 |      -   0   0   2617 |      0       0    873
  25  120.0   8.34   8.34     0   5.69   7.42 |   137   95   42  3.87  2.42   836 |      -   0   0   2618 |    415      57   2237
  30  117.0   8.55  50.02     7   5.57   7.67 |   146  102   45  2.78  2.05   622 |      -   0   0   2623 |    106      23   1135
  35  112.7   8.88  83.36     8   3.72   7.35 |   129   97   32  4.05  2.45  1910 |      -   0   0   2749 |    862     138   2600
  40  111.5   8.97 250.09     3   3.36   4.31 |   103   78   24  3.89  2.08   649 |      -   0   0   2750 |    804     303   4287
  45  120.0   8.34   8.34     0   2.73   3.61 |    93   67   27  3.98  2.25   543 |      -   0   0   2751 |     21       1    733
  50  120.0   8.34   8.34     0   2.93   3.70 |    94   70   24  2.11  2.14   394 |      -   0   0   2753 |    112       9    867
  55  120.0   8.34   8.34     0   2.87   3.40 |    94   67   26  3.19  2.24   490 |      -   0   0   2754 |      0       1    740
  60  120.0   8.34   8.34     0   2.78   3.13 |    95   67   28  1.72  2.09   365 |      -   0   0   2754 |      0       1    750
  65  120.0   8.34   8.34     0   2.78   3.36 |    97   65   32  3.32  2.26   464 |      -   0   0   2759 |      0       1    739
  70  119.9   8.34   8.34     0   2.57   3.28 |   117   46   71  1.59  2.09   305 |      -   0   0   2760 |      0       1    817
  75  119.2   8.40  20.84     4   2.55   3.37 |   113   51   63  3.68  2.36   474 |      -   0   0   2760 |      0       1    714
  80  119.9   8.34   8.34     0   2.76   3.46 |    93   65   28  2.84  2.25   394 |      -   0   0   2760 |      4       2    756
  85  106.5   9.39  50.02    12   2.72   3.22 |   103   71   32  4.19  2.08  1254 |      -   0   0   2761 |   1450     381    606
  90   87.5   8.63 117.89     3   5.12   6.98 |   134  103   30  4.02  2.53  2098 |      -   0   0   2872 |   1480     232   9161
  95  118.7   8.43  41.68     2   5.19   7.04 |   146  109   37  4.02  2.47  1957 |      -   0   0   2871 |    385      88   1798
 100  118.8   8.43  50.02     2   5.82   6.97 |   144  109   35  3.62  2.44  2019 |      -  10   0   2882 |    504     100   2119
 105  120.0   8.34   8.34     0   5.26   7.13 |   153  112   41  3.85  2.47  2155 |      -  10   0   2876 |    165      15    841
 110  120.0   8.34   8.34     0   5.62   7.04 |   141  108   33  3.49  2.43  1890 |      -  10   0   2879 |     34       5    920
 115  120.0   8.34   8.34     0   5.19   6.94 |   145  111   34  3.72  2.48  2027 |      -  10   0   2879 |     21       2    864
 120  119.9   8.34   8.34     0   5.17   7.10 |   143  110   34  3.73  2.44  1838 |      -  10   0   2881 |      0       1    844
 125  120.0   8.34   8.34     0   5.30   6.99 |   148  110   38  3.52  2.43  1945 |      -  10   1   2882 |      0       1    846
 130  120.0   8.34   8.34     0   5.27   6.95 |   143  109   34  3.62  2.47  1830 |      -  20   2   2884 |      0       1    878
 135  119.5   8.37  20.84     2   5.40   6.99 |   149  113   36  3.39  2.48  1954 |      -  20   2   2887 |     22       2    860
 140  119.9   8.34   8.34     0   5.41   7.06 |   143  109   34  3.84  2.47  1856 |      -  20   3   2886 |      1       1    902
 145  111.5   8.98  20.84    38   5.36   7.48 |   250  139  111  2.98  2.46   921 |      -  20   3   2895 |      0       1    766
 150  120.0   8.34   8.34     0   6.02   7.48 |   248  158   91  2.22  2.36  1146 |      -  20   4   2895 |      0       1    906
 155  119.6   8.37  16.67     2   5.96   7.61 |   250  160   90  2.22  2.39  1040 |      -  20   4   2897 |      0       1    895
 160  120.0   8.34   8.34     0   6.26   7.35 |   246  157   89  2.22  2.38  1125 |      -  20   4   2895 |      0       1    940
 165  120.0   8.34   8.34     0   6.34   7.48 |   242  156   86  2.17  2.37  1088 |      -  20   4   2900 |      0       1    935
 170  120.0   8.34   8.34     0   6.16   7.55 |   269  164  105  2.06  2.39  1052 |      -  20   4   2901 |      0       1    865
 175  118.7   8.43  25.01     5   5.46   7.53 |   273  173  100  1.76  2.21   898 |      -  20   4   2904 |      0       1    849
 180  116.2   8.61  20.84    19   5.49   8.08 |   304  188  116  1.31  2.06   841 |      -  20   4   2907 |      0       1    828
 185  114.5   8.74  20.84    29   5.37   7.54 |   298  177  121  1.31  1.69   791 |      -  20   4   2906 |      0       1    817
 190  109.4   9.15  20.84    49   5.36   7.62 |   296  153  143  1.31  1.70   732 |      -  20   4   2909 |      0       1    791
 195  109.2   9.16  25.01    58   5.47   7.67 |   281  150  131  1.31  1.70   703 |      -  20   4   2913 |      0       1    804
 200  106.4   9.39  25.01    75   5.40   7.76 |   298  151  147  1.31  1.70   727 |      -  20   4   2915 |      0       1    734
 205  109.4   9.16  20.84    50   5.33   7.62 |   287  151  136  1.31  1.70   707 |      -  20   4   2914 |      0       1    848
 210  108.2   9.24  25.01    64   5.30   7.84 |   292  146  145  1.31  1.70   709 |      -  20   4   2914 |      0       1    737
 215  103.1   9.70  25.01    78   5.39   7.47 |   277  138  139  1.31  1.70   662 |      -  20   4   2918 |      0       1    773
 220  111.5   8.97  20.84    48   5.55   7.66 |   301  162  139  1.31  1.70   753 |      -  20   4   2916 |      0       1    795
 225  111.6   8.97  20.84    48   5.38   7.50 |   290  165  125  1.31  1.69   743 |      -  20   4   2920 |      0       1    805
 230  110.4   9.06  25.01    43   5.38   7.63 |   299  160  139  1.31  1.70   750 |      -  20   4   2917 |      0       1    794
 235  106.6   9.38  66.69    68   5.50   7.58 |   284  163  121  1.31  1.70   724 |      -  20   4   2921 |      0       1    742
 240  108.4   9.22  50.02    27   5.21   7.43 |   300  154  146  1.31  1.70   740 |      -  20   4   2921 |      0       1    408
summary {"buckets": 49, "bucket_s": 5.0, "fps_min": 57.9, "fps_median": 119.5, "share_at_120": 0.62, "first_drop_s": 85, "budget_start_mw": null, "budget_min_mw": null, "first_pressure_s": 100, "max_pressure": 20, "log_bytes": 12563900, "hitches": {"25": 48, "50": 15, "100": 4}}
