       t      ms    jit  mprot   mexc  shc_ms wait_ms  vpad step
   -0.81   40.22   2986    353   6426     1.7     0.0  
    0.73   58.35      0      0    348     0.0     0.0  
    2.99   41.68      0      0    374     0.0     0.0  
    6.88   25.01      0      1    468     0.0     0.0  
   14.16  166.73  10715   1491 116443     9.2     1.5  
   14.21   52.22   8592    539 116443     9.2     1.5  
   14.24   25.01   8592    539 116443     9.2     1.5  
   14.26   25.01   8592    539 116443     9.2     1.5  
   23.15   41.68      0      0    436     0.0     0.0  
   29.14   41.68   1691    260   5352     0.0     0.0  step 1/24 (script 2)
   29.39   25.01    744     95   2574     0.0     0.0  step 2/24 (script 2)
   32.29   33.35    417     80   2051     0.0     0.0  step 3/24 (script 2)
   34.88   33.35    246     72   2195     0.0     0.0  step 4/24 (script 2)
   35.00   33.35    246     72   2195     0.0     0.0  step 4/24 (script 2)
   35.05   50.02    246     72   2063     0.0     0.0  step 4/24 (script 2)
   35.10   50.02   1441    259   4248     0.0     0.0  step 4/24 (script 2)
   35.16   58.35   1441    259   4248     0.0     0.0  step 4/24 (script 2)
   35.20   41.68   1441    259   4248     0.0     0.0  step 4/24 (script 2)
   35.25   50.02   1441    259   4248     0.0     0.0  step 4/24 (script 2)
   35.30   50.02   1441    259   4248     0.0     0.0  step 4/24 (script 2)
   35.36   58.35   1441    260   4248     0.2     0.0  step 4/24 (script 2)
   35.41   50.02   2169    329   4835     0.2     0.0  step 4/24 (script 2)
   35.45   41.68   2169    328   4643     0.2     0.0  step 4/24 (script 2)
   35.55   41.68   2169    328   4643     0.2     0.0  step 4/24 (script 2)
   35.62   75.03   2169    328   4643     0.2     0.0  step 4/24 (script 2)
   43.32   41.68    126      1    490     0.0     0.0  step 12/24 (script 2)
   44.49   91.70   2492   1453    406     0.4     0.0  step 13/24 (script 2)
   44.75  258.43   3774   1463  17268     0.4     0.0  step 14/24 (script 2)
   63.49   37.51      0      0    430     0.0     0.0  step 24/24 (script 2)
   67.82   25.01      0      1    715     0.0     0.0  step 24/24 (script 2)
   83.66   41.68      0      1    552     0.0     0.0  step 24/24 (script 2)
   94.23   29.18     86      2    201     0.0     0.0  step 6/12 (script 3)
   94.27   41.68     86      2    201     0.0     0.0  step 6/12 (script 3)
   94.31   41.68     86      2    201     0.0     0.0  step 6/12 (script 3)
   94.35   41.68     86      2    201     0.0     0.0  step 6/12 (script 3)
   94.39   41.68     86      2    201     0.0     0.0  step 6/12 (script 3)
   94.44   45.85     86      2    201     0.0     0.0  step 6/12 (script 3)
   94.48   37.51     86      2     97     0.0     0.0  step 6/12 (script 3)
   94.51   33.35     86      3    423     0.0     0.0  step 7/12 (script 3)
   94.56   45.85     86      3    423     0.0     0.0  step 7/12 (script 3)
   94.59   37.51     86      3    423     0.0     0.0  step 7/12 (script 3)
   94.63   41.68     86      3    423     0.0     0.0  step 7/12 (script 3)
   94.68   41.68     86      3    423     0.0     0.0  step 7/12 (script 3)
   94.72   41.68     86      3    423     0.0     0.0  step 7/12 (script 3)
   97.65   64.67   5639    725  38344    59.2    51.1  step 10/12 (script 3)
   97.68   25.01   2498    341  38344    59.2     0.0  step 10/12 (script 3)
   97.93   50.02   2498    342  39426     0.2     0.0  step 11/12 (script 3)
  103.18   33.35   1253    312   4217     0.2     0.0  step 8/12 (script 3)
  103.20   25.01   1253    312   4217     0.2     0.0  step 8/12 (script 3)
  103.83   37.51    260     42    839     0.2     0.0  step 8/12 (script 3)
  107.95   25.01    812    194   3067     0.0     0.0  step 4/12 (script 3)
  123.70   41.68     10      2    429     0.0     0.0  step 7/12 (script 3)
  123.97   33.35     23      0    447     0.0     0.0  step 8/12 (script 3)
  144.13   41.68      0      0    660     0.0     0.0  step 6/12 (script 3)
  164.28   37.51      0      1    567     0.0     0.0  step 3/12 (script 3)
  167.03   25.01      0      0    464     0.0     0.0  step 8/12 (script 3)
  182.40   83.36      0      0    296     0.0     0.0  step 9/12 (script 3)
  184.43   33.35      0      0    302     0.0     0.0  step 1/12 (script 3)
  193.78   66.69      0      0    638     0.0     0.0  step 6/12 (script 3)
  204.62   50.02      2      2    531     0.0     0.0  step 12/12 (script 3)
  224.80   41.68      0      1    536     0.0     0.0  step 9/12 (script 3)
  224.83   33.35      0      1    428     0.0     0.0  step 9/12 (script 3)
