   t    fps     ft  ftmax  slow    gpu  gpumx |  cpu%   P%   E%  PGHz  EGHz    mW | budget tpl tll    MiB |  jit/s mprot/s  exc/s
   0  118.0   8.51  58.35     3   1.44   2.02 |    89   14   75  3.60  2.58   389 |      -   0   0   2727 |     32       4    777
   5  118.5   8.44  25.01     6   1.50   2.32 |    81   10   71  3.30  2.04   196 |      -   0   0   2583 |      1       1    689
  10   58.3   9.16 166.73     4   2.44   7.03 |   102   60   42  4.17  2.56  2231 |      -   0   0   2734 |   5990    1140  23583
  15  120.0   8.34   8.34     0   5.20   7.24 |   123   54   69  3.94  2.54   614 |      -   0   0   2639 |     14       2    899
  20  118.5   8.44  41.68     4   4.78   7.78 |   118   51   67  2.59  2.41   440 |      -   0   0   2612 |      0       0    887
  25  117.4   8.51  41.68     8   4.67   7.74 |   119   53   66  3.85  2.56   709 |      -   0   0   2615 |    428      57   2278
  30  119.5   8.38  33.35     1   5.04   7.56 |   126   53   73  3.12  2.51   529 |      -   0   0   2618 |    163      36   1478
  35  107.6   9.30  75.03    13   3.00   7.00 |   150   43  108  4.07  2.59  1132 |      -   0   0   2752 |    755     119   2391
  40  110.2   9.06 258.43     8   3.12   5.05 |   101   52   49  3.86  2.39   598 |      -   0   0   2707 |    788     300   4363
  45  119.9   8.35  16.67     1   2.40   3.47 |    91   49   42  3.35  2.32   455 |      -   0   0   2739 |     15       1    843
  50  119.6   8.37  20.84     2   2.45   3.41 |    96   51   45  1.88  2.09   315 |      -   0   0   2745 |     26       1    827
  55  119.5   8.37  20.84     2   2.42   3.22 |    94   51   43  2.90  2.25   404 |      -   0   0   2746 |      0       1    815
  60  118.4   8.45  37.51     6   2.40   3.36 |    91   49   43  2.21  2.10   316 |      -   0   0   2746 |      0       1    780
  65  119.1   8.40  25.01     3   2.40   3.70 |    91   49   42  3.42  2.48   438 |      -   0   0   2747 |      0       1    776
  70  120.0   8.34   8.34     0   2.43   2.98 |    95   51   44  1.74  2.09   310 |      -   0   0   2747 |      0       1    837
  75  119.3   8.38  20.84     3   2.41   3.47 |    92   50   42  3.52  2.34   443 |      -   0   0   2747 |      0       1    804
  80  119.1   8.40  41.68     1   2.40   3.54 |    93   49   43  2.56  2.20   329 |      -   0   0   2752 |      4       1    859
  85  120.0   8.34   8.34     0   2.50   3.32 |    98   53   45  2.95  2.29   435 |      -   0   0   2752 |    138      13   1084
  90  119.8   8.34   8.34     0   2.58   3.19 |    93   46   46  1.71  2.08   287 |      -   0   0   2753 |     21       1    772
  95   69.7   9.82  64.67    17   3.48   6.94 |   118   76   43  4.18  2.56  2390 |      -   0   0   2850 |   2761     579   8702
 100  117.8   8.50  37.51     6   4.95   7.42 |   148   64   84  3.87  2.57  1458 |      -   0   0   2868 |    493     107   2071
 105  119.1   8.38  25.01     2   5.07   7.39 |   157   67   90  4.01  2.57  1714 |      -   0   0   2864 |    392      79   1954
 110  120.2   8.34   8.34     0   5.05   7.15 |   158   66   92  3.81  2.57  1505 |      -   0   0   2869 |    144      10    917
 115  120.0   8.34   8.34     0   4.82   7.18 |   159   67   93  3.88  2.57  1609 |      -   0   0   2870 |     77      11    977
 120  118.5   8.44  41.68     2   5.11   7.02 |   157   63   94  3.81  2.57  1493 |      -   0   0   2869 |     40       3    930
 125  119.3   8.38  16.67     3   5.21   7.49 |   162   65   97  3.98  2.53  1597 |      -  10   0   2875 |      4       1    871
 130  120.0   8.34   8.34     0   4.76   7.30 |   162   65   97  3.65  2.42  1435 |      -  10   0   2876 |      0       1    859
 135  119.8   8.35  16.67     1   4.86   7.22 |   163   66   97  4.04  2.44  1675 |      -  10   0   2875 |      0       1    943
 140  119.1   8.40  41.68     1   5.12   7.03 |   162   65   97  3.76  2.42  1461 |      -  10   0   2880 |      0       2    862
 145  120.0   8.34   8.34     0   5.01   7.38 |   164   68   96  4.05  2.43  1624 |      -  10   0   2881 |      0       1    913
 150  119.9   8.34   8.34     0   5.00   7.55 |   163   65   99  3.72  2.42  1450 |      -  10   0   2880 |      0       1    853
 155  120.0   8.34   8.34     0   5.06   7.44 |   164   66   98  4.02  2.45  1568 |      -  10   0   2885 |      0       1    893
 160  120.0   8.34   8.34     0   5.19   7.47 |   164   65  100  3.94  2.42  1449 |      -  10   1   2883 |      0       1    869
 165  118.6   8.44  37.51     5   5.11   7.70 |   181   71  110  4.01  2.24  1529 |      -  10   1   2884 |      0       1    834
 170  119.2   8.38  20.84     3   5.05   7.76 |   176   67  110  3.82  2.18  1417 |      -  20   2   2894 |     11       1    857
 175  120.1   8.34   8.34     0   4.99   7.76 |   181   71  110  3.91  2.22  1520 |      -  20   2   2890 |      1       1    836
 180  116.2   8.61  83.36     9   5.12   7.94 |   189   79  110  3.10  2.21  1021 |      -  20   2   2888 |      0       1    766
 185  120.0   8.34   8.34     0   5.22   7.99 |   207   87  120  3.03  2.27  1108 |      -  20   2   2893 |      0       1    761
 190  118.0   8.48  66.69     4   5.27   7.69 |   195   80  115  2.80  2.19  1042 |      -  20   3   2898 |      0       1    771
 195  120.0   8.34   8.34     0   5.09   8.06 |   198   84  115  3.05  2.30  1181 |      -  20   3   2896 |      0       1    763
 200  118.5   8.44  50.02     3   5.30   8.05 |   195   79  115  3.01  2.19  1070 |      -  20   3   2898 |      0       1    786
 205  118.9   8.41  20.84     6   5.27   7.88 |   197   82  116  3.04  2.20  1181 |      -  20   3   2898 |      0       1    824
 210  119.5   8.37  16.67     2   5.31   7.74 |   191   78  113  3.04  2.19  1118 |      -  20   3   2900 |      0       1    763
 215  119.2   8.40  20.84     4   5.21   7.83 |   195   81  114  3.03  2.20  1140 |      -  20   3   2901 |      0       1    799
 220  119.7   8.35  16.67     1   5.24   7.85 |   201   84  117  2.68  2.18   975 |      -  20   3   2902 |      0       1    737
 225  118.5   8.44  41.68     2   5.25   7.61 |   213   94  120  2.62  2.35  1000 |      -  20   3   2911 |      0       1    757
 230  119.3   8.38  20.84     4   5.28   7.71 |   232  108  124  1.93  2.15   783 |      -  20   3   2910 |      0       1    667
 235  119.3   8.39  20.84     4   5.05   7.97 |   232  105  126  2.21  2.28   868 |      -  20   3   2907 |      0       1    732
 240  120.0   8.34   8.34     0   5.37   7.49 |   225  109  116  1.60  2.16   742 |      -  20   3   2907 |      0       0    144
summary {"buckets": 49, "bucket_s": 5.0, "fps_min": 58.3, "fps_median": 119.3, "share_at_120": 0.92, "first_drop_s": null, "budget_start_mw": null, "budget_min_mw": null, "first_pressure_s": 125, "max_pressure": 20, "log_bytes": 12651034, "hitches": {"25": 62, "50": 18, "100": 2}}
