   t    fps     ft  ftmax  slow    gpu  gpumx |  cpu%   P%   E%  PGHz  EGHz    mW | budget tpl tll    MiB |  jit/s mprot/s  exc/s
   0  119.5   8.42  48.40     3   1.36   1.81 |    86   18   68  3.76  2.12   563 |      -   0   0   2747 |     22       4    803
   5  120.0   8.34   8.34     0   1.50   1.78 |    85    5   79  3.23  2.06   187 |      -   0   1   2598 |      1       1    671
  10   57.5   9.27 175.06     6   2.45   7.31 |   100   64   36  4.05  2.45  2161 |      -   0   1   2741 |   5974    1137  23568
  15  120.0   8.34   8.34     0   6.27   7.52 |   138  102   36  3.77  2.37   748 |      -   0   1   2641 |     22       2    905
  20  119.7   8.35  16.67     1   5.77   7.52 |   130   97   33  3.16  2.17   623 |      -   0   1   2616 |      0       0    921
  25  120.0   8.34   8.34     0   6.17   7.31 |   141  105   36  3.65  2.32   660 |      -   0   1   2615 |      0       0    907
  30  116.9   8.55  50.02     6   5.55   8.20 |   128   97   31  3.50  2.30   864 |      -  10   0   2621 |    541      80   2571
  35  112.4   8.90  83.36     8   4.03   7.44 |   129  103   26  4.07  2.46  1910 |      -  10   0   2775 |    808     134   2683
  40  111.5   8.97 245.92     4   3.30   4.61 |    95   76   19  3.54  2.09   720 |      -  10   0   2715 |    784     302   4236
  45  120.0   8.34   8.34     0   2.64   3.15 |    94   72   22  2.71  2.15   470 |      -  10   0   2750 |     15       1    781
  50  119.5   8.37  20.84     2   2.62   3.41 |    97   68   29  3.21  2.07   459 |      -  10   0   2753 |    133       9    898
  55  120.0   8.34   8.34     0   2.78   3.34 |    94   71   23  1.63  2.04   381 |      -  10   0   2754 |      0       1    758
  60  120.0   8.34   8.34     0   2.63   3.36 |    95   70   25  3.48  2.26   467 |      -  10   0   2754 |      0       1    812
  65  120.0   8.34   8.34     0   2.62   3.20 |    95   72   24  2.84  2.12   453 |      -  10   0   2755 |      0       1    747
  70  120.0   8.34   8.34     0   2.55   3.14 |   101   62   39  2.53  2.06   368 |      -  10   0   2756 |      0       1    788
  75  120.0   8.34   8.34     0   2.55   3.85 |   105   59   46  1.59  2.06   343 |      -  10   0   2756 |      0       1    821
  80  119.9   8.34   8.34     0   2.61   3.27 |    88   70   19  3.74  2.25   557 |      -  10   0   2760 |      0       1    779
  85  109.3   9.15  58.35    12   2.60   3.14 |    95   64   31  3.69  2.05   543 |      -  10   0   2761 |    717     123    751
  90   76.5   8.73 119.70     2   4.72   6.73 |   126  105   21  4.11  2.50  2710 |      -  10   0   2866 |   2192     476   8907
  95  119.0   8.41  25.01     3   5.31   7.11 |   132  104   28  3.88  2.42  1915 |      -  10   0   2875 |    418      97   2079
 100  118.7   8.43  58.35     1   5.07   7.18 |   136  107   29  3.92  2.43  2271 |      -  10   0   2870 |    465      93   2076
 105  119.9   8.34   8.34     0   5.60   7.11 |   136  106   30  3.66  2.41  2140 |      -  10   1   2873 |    139      12    946
 110  120.0   8.34   8.34     0   5.17   7.03 |   141  111   30  3.77  2.49  2175 |      -  20   2   2874 |    102      10   1003
 115  120.0   8.34   8.34     0   5.10   6.99 |   134  106   28  3.85  2.40  2196 |      -  20   3   2878 |     31       2    971
 120  120.0   8.34   8.34     0   5.45   7.66 |   185  134   51  3.46  2.46  1616 |      -  20   4   2878 |      2       1    874
 125  119.1   8.40  20.84     5   5.90   7.67 |   264  170   95  2.22  2.31   987 |      -  20   4   2883 |      0       1    759
 130  120.0   8.34   8.34     0   6.04   7.43 |   257  165   93  2.10  2.38  1103 |      -  20   4   2890 |      0       1    729
 135  120.0   8.34   8.34     0   5.80   8.16 |   251  162   89  2.08  2.34  1045 |      -  20   5   2890 |      0       1    745
 140  117.6   8.50  20.84    11   5.44   7.53 |   295  185  110  1.65  2.23   916 |      -  20   5   2893 |      0       1    794
 145  115.6   8.67  20.84    24   5.04   7.56 |   287  129  158  1.31  1.69   688 |      -  20   5   2894 |      0       1    747
 150  107.6   9.30  33.35    65   5.45   7.78 |   280   91  188  1.31  1.70   592 |      -  20   5   2895 |      0       1    680
 155  101.2   9.86  25.01    87   5.24   7.68 |   266   70  197  1.31  1.70   508 |      -  20   5   2900 |      0       1    647
 160   96.6  10.37  25.01   115   5.58   7.78 |   268   61  207  1.31  1.70   484 |      -  20   5   2893 |      0       1    595
 165   96.1  10.39  25.01   117   5.42   7.59 |   261   60  201  1.31  1.70   467 |      -  20   5   2899 |      0       1    654
 170   95.1  10.55  58.35   117   5.40   7.75 |   270   62  209  1.31  1.70   488 |      -  20   5   2902 |      0       1    638
 175   99.1  10.07  25.01    99   5.28   7.79 |   262   63  199  1.31  1.70   475 |      -  20   5   2903 |      0       1    648
 180   97.5  10.28  25.01   109   5.56   7.53 |   273   68  205  1.31  1.70   503 |      -  20   5   2898 |      0       1    624
 185  103.5   9.66  25.01    92   5.53   7.55 |   270   75  195  1.31  1.70   515 |      -  20   5   2901 |      0       1    690
 190  100.7   9.91  33.35    84   5.27   7.68 |   270   72  198  1.31  1.70   514 |      -  20   5   2904 |      0       1    660
 195  107.3   9.35  25.01    69   5.28   7.76 |   270   79  191  1.31  1.70   529 |      -  20   5   2908 |      0       1    686
 200  103.1   9.69  25.01    85   6.60   8.24 |   287   91  196  1.31  1.70   574 |      -  20   5   2907 |      0       1    629
 205  109.7   9.13  20.84    66   7.34   8.39 |   287  118  169  1.31  1.70   621 |      -  20   5   2910 |      0       1    665
 210  106.1   9.41  20.84    68   7.32   8.29 |   287  120  167  1.31  1.70   631 |      -  20   5   2912 |      0       1    632
 215  108.6   9.23  25.01    71   7.28   8.21 |   287  131  156  1.31  1.70   648 |      -  20   5   2912 |      0       1    645
 220  108.1   9.25  20.84    60   7.32   8.28 |   296  134  162  1.31  1.70   668 |      -  20   5   2913 |      0       1    680
 225  109.6   9.11  20.84    68   7.31   8.18 |   289  140  149  1.31  1.69   672 |      -  20   5   2914 |      0       1    667
 230  105.1   9.51  41.68    74   7.26   8.17 |   296  141  155  1.31  1.70   689 |      -  20   5   2917 |      0       1    641
 235  111.0   9.03  20.84    65   7.30   8.25 |   293  151  142  1.31  1.69   698 |      -  20   5   2917 |      0       1    697
 240  107.5   9.31  25.01    55   7.30   8.01 |   296  139  157  1.31  1.70   688 |      -  20   5   2919 |      0       1    386
summary {"buckets": 49, "bucket_s": 5.0, "fps_min": 57.5, "fps_median": 115.6, "share_at_120": 0.5, "first_drop_s": 85, "budget_start_mw": null, "budget_min_mw": null, "first_pressure_s": 30, "max_pressure": 20, "log_bytes": 12355796, "hitches": {"25": 61, "50": 15, "100": 4}}
