       t      ms    jit  mprot   mexc  shc_ms wait_ms  vpad step
   -0.81   48.40   3013    389   6134     1.7     0.0  
   10.03   37.51      0      0    348     0.0     0.0  
   14.20  175.06  10711   1221 116547     9.7     1.6  
   14.25   51.62   7049    248 116547     9.7     1.6  
   14.27   25.01   7049    248 116547     9.7     1.6  
   30.51   50.02   2039    283   6089     0.0     0.0  step 1/24 (script 2)
   30.56   29.18   2039    283   6089     0.0     0.0  step 1/24 (script 2)
   30.76   33.35   1688     95   2595     0.0     0.0  step 2/24 (script 2)
   33.65   33.35    402     80   1807     0.0     0.0  step 3/24 (script 2)
   36.25   41.68   2171    376   6540     0.0     0.0  step 4/24 (script 2)
   36.35   33.35   2160    322   6269     0.0     0.0  step 4/24 (script 2)
   36.40   50.02   2160    322   6269     0.2     0.0  step 4/24 (script 2)
   36.45   50.02   2160    322   6269     0.2     0.0  step 4/24 (script 2)
   36.50   50.02   2754    410   6878     0.2     0.0  step 4/24 (script 2)
   36.54   41.68   2754    410   6878     0.2     0.0  step 4/24 (script 2)
   36.62   41.68   2399    388   5038     0.2     0.0  step 4/24 (script 2)
   36.71   83.36   2399    388   5038     0.2     0.0  step 4/24 (script 2)
   44.38  112.54   3677   1467  16944     0.4     0.0  step 12/24 (script 2)
   44.62  245.92   3747   1469  17231     0.4     0.0  step 12/24 (script 2)
   88.04   41.68    218     16    117     0.0     0.0  step 4/12 (script 3)
   88.09   54.19    218     18    117     0.0     0.0  step 5/12 (script 3)
   88.15   58.35    218     18    117     0.0     0.0  step 5/12 (script 3)
   88.21   45.85    253     18    955     0.0     0.0  step 5/12 (script 3)
   88.25   37.51    253     18    955     0.0     0.0  step 5/12 (script 3)
   88.29   41.68    253     15    838     0.0     0.0  step 5/12 (script 3)
   88.32   33.35    253     15    838     0.0     0.0  step 5/12 (script 3)
   88.37   45.85    253     15    838     0.0     0.0  step 6/12 (script 3)
   88.42   37.51    253      2    838     0.0     0.0  step 6/12 (script 3)
   88.46   41.68    253      2    838     0.0     0.0  step 6/12 (script 3)
   88.50   41.68    253      2    950     0.0     0.0  step 6/12 (script 3)
   91.52  119.70   2326    313  38015     5.5     0.0  step 10/12 (script 3)
   91.80   50.02   2091    366  39644     0.0     0.0  step 10/12 (script 3)
   97.04   25.01   1220    298   4222     0.2     0.0  step 8/12 (script 3)
   97.06   25.01   1220    298   4222     0.2     0.0  step 8/12 (script 3)
  102.24   58.35   1286    293   3849     0.0     0.0  step 4/12 (script 3)
  150.35   25.01      0      0    414     0.0     0.0  step 1/12 (script 3)
  151.32   33.35      0      1    318     0.0     0.0  step 3/12 (script 3)
  155.31   25.01      0      0    330     0.0     0.0  step 9/12 (script 3)
  158.55   25.01      0      1    329     0.0     0.0  step 3/12 (script 3)
  160.42   25.01      0      0    516     0.0     0.0  step 7/12 (script 3)
  160.72   25.01      0      0    509     0.0     0.0  step 8/12 (script 3)
  163.68   25.01      0      1    408     0.0     0.0  step 1/12 (script 3)
  165.39   25.01      0      0    447     0.0     0.0  step 2/12 (script 3)
  168.64   25.01      0      0    529     0.0     0.0  step 8/12 (script 3)
  171.52   58.35      0      1    215     0.0     0.0  step 1/12 (script 3)
  171.55   25.01      0      1    215     0.0     0.0  step 1/12 (script 3)
  171.57   25.01      0      1    215     0.0     0.0  step 1/12 (script 3)
  175.44   25.01      0      0    343     0.0     0.0  step 8/12 (script 3)
  176.34   25.01      0      0    215     0.0     0.0  step 9/12 (script 3)
  180.50   25.01      0      2    440     0.0     0.0  step 5/12 (script 3)
  180.74   25.01      0      0    256     0.0     0.0  step 6/12 (script 3)
  185.75   25.01      0      0    304     0.0     0.0  step 1/12 (script 3)
  191.58   25.01      0      2    316     0.0     0.0  step 11/12 (script 3)
  191.71   33.35      0      2    316     0.0     0.0  step 12/12 (script 3)
  191.75   33.35      0      2    505     0.0     0.0  step 12/12 (script 3)
  191.77   25.01      0      2    505     0.0     0.0  step 12/12 (script 3)
  197.91   25.01      0      0    323     0.0     0.0  step 9/12 (script 3)
  201.83   25.01      0      3    521     0.0     0.0  step 5/12 (script 3)
  216.03   25.01      0      2    368     0.0     0.0  step 5/12 (script 3)
  232.22   41.68      0      0    298     0.0     0.0  step 8/12 (script 3)
  241.98   25.01      0      0    382     0.0     0.0  step 1/12 (script 3)
