   t    fps     ft  ftmax  slow    gpu  gpumx |  cpu%   P%   E%  PGHz  EGHz    mW | budget tpl tll    MiB |  jit/s mprot/s  exc/s
   0  118.1   8.49  66.69     5   1.42   2.36 |    91   12   80  3.65  2.58   397 |      -   0   0   2743 |     34       4    808
   5  118.8   8.43  33.35     4   1.48   2.24 |    83    6   77  3.28  2.25   185 |      -   0   0   2596 |      0       1    659
  10   57.8   9.22 175.06     3   2.39   7.13 |   104   59   44  4.19  2.55  2305 |      -   0   0   2742 |   6012    1137  23581
  15  120.2   8.34   8.34     0   5.02   7.36 |   119   52   68  4.05  2.53   657 |      -   0   0   2636 |     17       2    903
  20  119.5   8.37  20.84     2   5.23   7.58 |   123   53   70  2.47  2.30   428 |      -   0   0   2609 |      0       0    855
  25  117.0   8.55  50.02     6   4.98   7.42 |   119   53   66  3.63  2.55   699 |      -   0   0   2608 |    422      57   2282
  30  119.4   8.38  25.01     3   5.03   8.07 |   126   54   72  3.09  2.56   534 |      -   0   0   2621 |    142      37   1519
  35  108.1   9.26  75.03    13   3.12   7.11 |   150   41  109  4.04  2.59  1191 |      -   0   0   2743 |    822     123   2331
  40  110.8   9.03 258.43     7   3.13   4.13 |   102   51   51  2.95  2.28   465 |      -   0   0   2732 |    729     299   4335
  45  118.5   8.44  50.02     3   2.38   3.46 |    90   50   40  3.90  2.49   620 |      -   0   0   2738 |     74       3    854
  50  120.0   8.34   8.34     0   2.43   2.84 |    97   51   46  1.59  2.08   313 |      -   0   0   2740 |     21       1    798
  55  119.4   8.37  20.84     2   2.40   2.97 |    94   51   44  3.11  2.29   411 |      -   0   0   2745 |      6       1    838
  60  120.2   8.34   8.34     0   2.45   3.61 |    96   51   45  1.59  2.08   310 |      -   0   0   2744 |      0       1    814
  65  117.8   8.48  41.68     7   2.39   3.35 |    89   48   41  3.12  2.28   415 |      -   0   0   2749 |      0       1    804
  70  119.6   8.37  20.84     2   2.41   3.29 |    94   50   44  2.04  2.09   311 |      -   0   0   2743 |      0       1    832
  75  120.2   8.34   8.34     0   2.41   3.30 |    94   51   43  3.99  2.50   482 |      -   0   0   2746 |      0       1    824
  80  119.5   8.37  20.84     2   2.42   3.96 |    93   49   44  2.53  2.21   331 |      -   0   0   2746 |      4       2    813
  85  119.0   8.41  50.02     1   2.50   3.91 |    95   51   44  3.12  2.31   432 |      -   0   0   2744 |    137      12   1070
  90  115.2   8.62  41.68     5   2.58   3.91 |    92   46   46  1.69  2.08   289 |      -   0   0   2749 |     23       1    780
  95   73.8   9.44 106.51    11   3.47   6.40 |   121   77   44  4.23  2.54  2415 |      -   0   0   2848 |   2764     584   8663
 100  118.7   8.43  41.68     2   4.98   7.46 |   154   67   88  3.80  2.57  1465 |      -   0   0   2862 |    453      99   2065
 105  118.8   8.43  41.68     2   5.08   7.35 |   153   66   87  4.06  2.56  1742 |      -   0   0   2860 |    421      86   2030
 110  119.9   8.34   8.34     0   4.99   7.20 |   157   65   92  3.81  2.56  1513 |      -   0   0   2865 |    139       9    876
 115  120.0   8.34   8.34     0   4.86   7.46 |   158   65   92  3.97  2.56  1684 |      -   0   0   2868 |     78      11    987
 120  120.0   8.34   8.34     0   4.94   7.04 |   162   66   96  3.75  2.56  1517 |      -   0   0   2870 |     50       4    914
 125  119.1   8.40  33.35     2   5.02   7.33 |   162   67   95  4.05  2.42  1595 |      -  10   0   2875 |     14       2    855
 130  119.8   8.35  16.67     1   4.87   7.32 |   162   65   97  3.83  2.42  1429 |      -  10   0   2874 |      1       1    924
 135  120.0   8.34   8.34     0   4.80   7.23 |   167   69   98  4.03  2.45  1686 |      -  10   0   2876 |      0       1    928
 140  119.8   8.35  16.67     1   4.99   7.20 |   160   63   96  3.89  2.42  1533 |      -  10   0   2878 |     10       2    856
 145  118.9   8.41  37.51     3   5.10   7.51 |   160   66   94  4.07  2.42  1632 |      -  10   0   2879 |      1       1    944
 150  119.6   8.37  20.84     2   4.99   7.14 |   167   64  103  3.82  2.44  1517 |      -  10   0   2884 |      1       1    870
 155  120.0   8.34   8.34     0   4.86   7.24 |   167   67   99  4.02  2.44  1535 |      -  10   0   2883 |      0       1    884
 160  120.0   8.34   8.34     0   5.09   7.80 |   176   68  108  3.77  2.17  1406 |      -  10   1   2883 |      0       1    860
 165  119.0   8.41  41.68     2   5.03   7.54 |   178   70  108  3.98  2.23  1578 |      -  10   1   2888 |      0       1    803
 170  119.8   8.35  16.67     1   5.03   7.17 |   180   69  111  3.80  2.18  1397 |      -  20   2   2886 |      0       1    832
 175  119.8   8.35  16.67     1   5.00   7.95 |   183   72  111  3.85  2.22  1505 |      -  20   2   2887 |      0       1    821
 180  118.8   8.41  20.84     5   5.16   8.36 |   184   73  111  3.47  2.17  1187 |      -  20   2   2889 |      0       1    793
 185  118.3   8.47  41.68     6   5.26   7.81 |   200   84  116  3.03  2.30  1083 |      -  20   3   2892 |      0       1    784
 190  119.8   8.35  12.50     2   5.14   7.94 |   198   81  117  2.80  2.20  1058 |      -  20   3   2896 |      0       1    766
 195  120.0   8.34   8.34     0   5.28   7.75 |   203   87  116  3.03  2.32  1151 |      -  20   3   2896 |      0       1    786
 200  120.0   8.34   8.34     0   5.32   7.75 |   200   82  118  3.03  2.19  1062 |      -  20   3   2895 |      0       1    759
 205  118.7   8.43  41.68     3   5.14   7.76 |   197   82  115  3.04  2.30  1171 |      -  20   3   2895 |      0       1    788
 210  119.6   8.37  16.67     2   5.38   7.72 |   192   79  114  3.04  2.18  1092 |      -  20   3   2898 |      0       1    760
 215  119.8   8.35  16.67     1   5.07   7.82 |   199   83  116  3.04  2.28  1128 |      -  20   3   2903 |      0       1    814
 220  119.5   8.37  20.84     2   5.27   7.98 |   205   86  118  2.50  2.18   944 |      -  20   3   2900 |      0       1    715
 225  118.3   8.44  37.51     5   5.09   8.05 |   218   99  119  2.50  2.24   941 |      -  20   3   2902 |      0       1    729
 230  119.8   8.37  16.67     2   5.10   7.76 |   221  101  121  1.93  2.15   806 |      -  20   3   2907 |      0       1    716
 235  119.6   8.36  20.84     2   5.18   7.95 |   238  109  129  1.93  2.27   840 |      -  20   3   2908 |      0       1    698
 240  120.0   8.34   8.34     0   5.43   7.60 |   237  112  125  1.61  2.10   750 |      -  20   3   2908 |      0       0    156
summary {"buckets": 49, "bucket_s": 5.0, "fps_min": 57.8, "fps_median": 119.6, "share_at_120": 0.92, "first_drop_s": null, "budget_start_mw": null, "budget_min_mw": null, "first_pressure_s": 125, "max_pressure": 20, "log_bytes": 12637693, "hitches": {"25": 55, "50": 18, "100": 4}}
