       t      ms    jit  mprot   mexc  shc_ms wait_ms  vpad step
   -0.07   25.01      7      0    349     0.0     0.0  
    0.57   66.69     45      0    266     0.0     0.0  
    5.59   33.35      0      1    385     0.0     0.0  
   14.14  175.06  10242   1531 116412     5.5     1.6  
   14.19   52.70   4299    622 116412     5.5     1.6  
   14.24   50.02   4299    622 116412     5.5     1.6  
   25.80   37.51      0      0    675     0.0     0.0  
   29.37   50.02   2035    276   6279     0.0     0.0  step 1/24 (script 3)
   29.41   25.01   2035    276   6030     0.0     0.0  step 2/24 (script 3)
   29.62   33.35   2110    160   7872     0.0     0.0  step 2/24 (script 3)
   32.49   25.01    375     78   2027     0.0     0.0  step 3/24 (script 3)
   35.09   33.35    178     71   2084     0.0     0.0  step 4/24 (script 3)
   35.23   37.51    178     71   2084     0.0     0.0  step 4/24 (script 3)
   35.28   45.85    348     74   2084     0.0     0.0  step 4/24 (script 3)
   35.33   50.02    170      4    121     0.0     0.0  step 4/24 (script 3)
   35.38   50.02    170      4    121     0.0     0.0  step 4/24 (script 3)
   35.44   58.35   1448    233    121     0.0     0.0  step 4/24 (script 3)
   35.48   41.68   1448    233    121     0.0     0.0  step 4/24 (script 3)
   35.53   50.02   1926    304   4282     0.2     0.0  step 4/24 (script 3)
   35.58   50.02   1926    304   4282     0.2     0.0  step 4/24 (script 3)
   35.63   50.02   1926    303   4161     0.2     0.0  step 4/24 (script 3)
   35.67   41.68   1926    303   4161     0.2     0.0  step 4/24 (script 3)
   35.77   41.68   1926    303   4161     0.2     0.0  step 4/24 (script 3)
   35.84   75.03   2248    354   4916     0.2     0.0  step 4/24 (script 3)
   44.71  108.37   3487   1456  16965     0.5     0.1  step 14/24 (script 3)
   44.97  258.43   3777   1467  17269     0.5     0.1  step 14/24 (script 3)
   45.97   50.02      0      0    559     0.0     0.0  step 14/24 (script 3)
   66.14   41.68      0      1    646     0.0     0.0  step 24/24 (script 3)
   86.31   50.02      0     27    973     0.0     0.0  step 3/12 (script 4)
   94.29   41.68     51      2    107     0.0     0.0  step 6/12 (script 4)
   94.33   41.68     51      2    107     0.0     0.0  step 6/12 (script 4)
   94.37   41.68     96      4    324     0.0     0.0  step 6/12 (script 4)
   94.41   41.68     96      4    324     0.0     0.0  step 6/12 (script 4)
   94.45   41.68     96      4    324     0.0     0.0  step 6/12 (script 4)
   94.45   45.85     96      4    324     0.0     0.0  step 6/12 (script 4)
   94.49   37.51     45      3    217     0.0     0.0  step 6/12 (script 4)
   94.53   41.68     45      3    217     0.0     0.0  step 7/12 (script 4)
   94.57   33.35     45      3    217     0.0     0.0  step 7/12 (script 4)
   94.61   45.85     45      3    217     0.0     0.0  step 7/12 (script 4)
   94.65   37.51     45      3    217     0.0     0.0  step 7/12 (script 4)
   94.69   41.68     45      3    435     0.0     0.0  step 7/12 (script 4)
   94.73   41.68     45      3    435     0.0     0.0  step 7/12 (script 4)
   97.66  106.51   3873    641  37567     1.9     0.0  step 10/12 (script 4)
   97.69   33.35   3873    641  38354     1.9     0.0  step 10/12 (script 4)
   97.95   50.02   1814    288  39429     0.2     0.0  step 11/12 (script 4)
  103.20   41.68   1232    294   4225     0.2     0.0  step 8/12 (script 4)
  103.23   25.01   1232    294   4225     0.2     0.0  step 8/12 (script 4)
  106.48   41.68     18      1    470     0.0     0.0  step 1/12 (script 4)
  107.98   25.01    856    194   3038     0.0     0.0  step 4/12 (script 4)
  126.62   33.35      0      0    674     0.0     0.0  step 12/12 (script 4)
  146.78   37.51      0      0    447     0.0     0.0  step 9/12 (script 4)
  166.93   41.68      0      0    439     0.0     0.0  step 8/12 (script 4)
  187.10   41.68      0      0    385     0.0     0.0  step 7/12 (script 4)
  207.27   41.68      0      3    391     0.0     0.0  step 4/12 (script 4)
  227.44   37.51      0      0    420     0.0     0.0  step 1/12 (script 4)
