   t    fps     ft  ftmax  slow    gpu  gpumx |  cpu%   P%   E%  PGHz  EGHz    mW | budget tpl tll    MiB |  jit/s mprot/s  exc/s
   0  117.1   8.55  66.69     4   1.41   1.78 |    90   14   77  3.62  2.58   382 |      -   0   0   2742 |     31       4    772
   5  119.6   8.36  20.84     2   1.48   2.10 |    84    5   79  3.47  2.29   180 |      -   0   0   2596 |      0       1    691
  10   58.1   9.19 175.06     4   2.41   7.05 |   103   58   46  4.12  2.56  2223 |      -   0   0   2715 |   5999    1133  23568
  15  120.0   8.34   8.34     0   5.15   7.40 |   119   52   67  4.09  2.55   658 |      -   0   0   2617 |     24       2    902
  20  119.1   8.40  41.68     1   5.00   7.37 |   121   52   69  2.63  2.41   433 |      -   0   0   2590 |      0       0    863
  25  116.8   8.57  41.68    10   5.00   7.40 |   118   53   66  3.56  2.55   704 |      -   0   0   2594 |    423      57   2275
  30  119.0   8.41  33.35     3   4.89   7.61 |   122   52   70  3.19  2.56   549 |      -   0   0   2596 |    146      37   1227
  35  107.7   9.28  75.03    13   3.08   7.37 |   148   42  106  4.05  2.59  1122 |      -   0   0   2730 |    822     122   2659
  40  118.0   8.48  41.68     5   3.13   5.04 |   102   53   50  3.80  2.38   528 |      -   0   0   2687 |    770     299   4311
  45  112.4   8.89 250.09     5   2.47   3.60 |    91   49   41  3.90  2.46   562 |      -   0   0   2720 |     29       3    858
  50  120.2   8.34   8.34     0   2.45   3.56 |    97   51   45  1.62  2.09   315 |      -   0   0   2726 |     21       1    826
  55  118.9   8.41  20.84     5   2.42   3.90 |    92   49   42  3.26  2.32   414 |      -   0   0   2725 |      6       1    801
  60  119.1   8.40  41.68     1   2.45   3.38 |    94   50   44  2.23  2.22   315 |      -   0   0   2725 |      0       1    834
  65  119.8   8.35  16.67     1   2.41   3.42 |    93   51   43  3.09  2.25   417 |      -   0   0   2728 |      0       1    773
  70  120.0   8.34   8.34     0   2.45   3.60 |    95   51   44  1.78  2.09   310 |      -   0   0   2728 |      0       1    843
  75  120.0   8.34   8.34     0   2.42   3.07 |    95   52   43  3.60  2.32   459 |      -   0   0   2726 |      0       1    831
  80  119.1   8.40  41.68     1   2.42   3.51 |    93   49   44  2.56  2.20   329 |      -   0   0   2727 |      4       2    819
  85  120.0   8.34   8.34     0   2.49   3.11 |    96   52   44  3.37  2.39   436 |      -   0   0   2731 |    137      12   1081
  90  119.3   8.37  20.84     2   2.58   3.57 |    91   46   45  2.05  2.08   290 |      -   0   0   2734 |     23       1    754
  95   64.7  10.77 103.72    24   3.27   6.75 |   115   75   40  4.15  2.56  2325 |      -   0   0   2831 |   2733     586   8750
 100  118.1   8.47  33.35     5   4.69   7.47 |   153   65   88  3.86  2.42  1466 |      -   0   0   2842 |    480     107   2060
 105  117.8   8.50  37.51     8   5.15   7.42 |   164   70   94  3.83  2.43  1633 |      -   0   0   2843 |    385      73   1794
 110  119.5   8.37  20.84     2   5.63   8.58 |   165   68   97  4.06  2.42  1430 |      -  10   0   2847 |    141       9    851
 115  120.0   8.34   8.34     0   5.21   8.02 |   165   67   98  4.00  2.42  1632 |      -  10   0   2851 |     61       7    906
 120  120.0   8.34   8.34     0   5.15   7.28 |   161   64   98  3.83  2.42  1546 |      -  10   0   2853 |     48       5    915
 125  119.1   8.40  37.51     3   4.91   7.56 |   161   66   95  3.98  2.42  1609 |      -  10   0   2855 |     10       1    908
 130  119.7   8.34   8.34     0   5.39   7.53 |   164   65   99  3.82  2.43  1450 |      -  10   0   2857 |      0       1    840
 135  120.1   8.34   8.34     0   4.87   7.31 |   166   68   97  3.76  2.43  1619 |      -  10   1   2860 |      0       1    938
 140  118.8   8.43  41.68     3   4.86   7.26 |   170   66  104  3.72  2.41  1439 |      -  10   1   2861 |      0       1    863
 145  119.1   8.40  20.84     4   5.08   8.50 |   180   72  108  3.94  2.17  1533 |      -  20   2   2860 |      0       1    862
 150  119.5   8.37  20.84     2   4.89   7.60 |   185   71  113  3.68  2.18  1344 |      -  20   2   2862 |      0       1    791
 155  120.0   8.34   8.34     0   5.12   7.77 |   203   85  118  3.04  2.30  1138 |      -  20   3   2863 |      0       1    791
 160  120.0   8.34   8.34     0   5.18   7.75 |   196   82  114  2.90  2.18  1022 |      -  20   3   2864 |      0       1    793
 165  118.5   8.44  41.68     4   5.11   7.83 |   202   85  116  2.99  2.25  1165 |      -  20   3   2867 |      0       1    758
 170  120.0   8.34   8.34     0   5.24   8.17 |   200   82  118  2.80  2.18  1043 |      -  20   3   2868 |      0       1    782
 175  120.0   8.34   8.34     0   5.18   7.72 |   201   85  116  2.97  2.32  1135 |      -  20   3   2869 |      0       1    826
 180  118.9   8.40  20.84     4   5.24   8.06 |   194   81  113  2.76  2.16   960 |      -  20   4   2871 |      0       1    739
 185  118.7   8.43  41.68     3   5.14   7.75 |   218   96  122  2.51  2.26   939 |      -  20   4   2871 |      0       1    761
 190  119.4   8.40  25.01     3   5.34   7.73 |   258  124  134  1.61  2.10   719 |      -  20   4   2877 |      0       1    758
 195  119.1   8.40  20.84     4   5.17   7.86 |   268  133  135  1.31  2.10   737 |      -  20   4   2878 |      0       1    713
 200  115.4   8.67  20.84    25   5.16   7.91 |   276  122  154  1.31  1.70   677 |      -  20   4   2881 |      0       1    795
 205  113.4   8.82  58.35    23   5.01   7.70 |   271  122  149  1.31  1.70   669 |      -  20   4   2881 |      0       1    749
 210  113.2   8.82  37.51    32   5.05   7.70 |   270  113  158  1.31  1.70   642 |      -  20   4   2880 |      0       1    802
 215  115.1   8.71  25.01    26   4.97   7.83 |   272  117  154  1.31  1.70   655 |      -  20   4   2887 |      0       1    772
 220  114.9   8.71  25.01    28   4.97   7.77 |   277  120  157  1.31  1.70   665 |      -  20   4   2882 |      0       1    826
 225  114.3   8.75  66.69    26   5.08   7.80 |   266  124  142  1.31  1.70   662 |      -  20   4   2889 |      0       1    713
 230  114.9   8.71  20.84    26   5.10   7.72 |   279  128  151  1.31  1.70   696 |      -  20   4   2887 |      0       1    775
 235  116.2   8.61  25.01    18   5.11   7.67 |   265  126  139  1.31  2.05   681 |      -  20   4   2888 |      0       1    774
summary {"buckets": 48, "bucket_s": 5.0, "fps_min": 58.1, "fps_median": 119.1, "share_at_120": 0.81, "first_drop_s": null, "budget_start_mw": null, "budget_min_mw": null, "first_pressure_s": 110, "max_pressure": 20, "log_bytes": 12539611, "hitches": {"25": 68, "50": 20, "100": 4}}
