       t      ms    jit  mprot   mexc  shc_ms wait_ms  vpad step
   -0.81   31.18   2843    367   6459     1.6     0.0  
    0.70   66.69     45      0    440     0.0     0.0  
    3.45   41.68      0      0    452     0.0     0.0  
   14.18  175.06   7388   1074 108188     7.7     0.0  
   14.22   46.08   7388    255 108188     7.7     0.0  
   14.27   45.85   7388    255 108188     7.7     0.0  
   23.63   41.68      0      1    480     0.0     0.0  
   29.29   41.68   2029    279   6047     0.0     0.0  step 1/24 (script 2)
   29.33   29.18   2029    279   6047     0.0     0.0  step 1/24 (script 2)
   29.54   37.51    773     94   4014     0.0     0.0  step 2/24 (script 2)
   32.44   33.35    396     81   1913     0.0     0.0  step 3/24 (script 2)
   35.04   41.68    211     72   2279     0.0     0.0  step 4/24 (script 2)
   35.16   33.35      0      1   1653     0.0     0.0  step 4/24 (script 2)
   35.21   50.02      0      1   1653     0.0     0.0  step 4/24 (script 2)
   35.26   50.02      0      1   1653     0.0     0.0  step 4/24 (script 2)
   35.32   58.35   1428    257   1653     0.0     0.0  step 4/24 (script 2)
   35.37   50.02   1428    257   1653     0.0     0.0  step 4/24 (script 2)
   35.42   50.02   1428    257      0     0.0     0.0  step 4/24 (script 2)
   35.47   50.02   1918    258   4058     0.2     0.0  step 4/24 (script 2)
   35.52   50.02   1918    258   4058     0.2     0.0  step 4/24 (script 2)
   35.57   50.02   1918    258   4058     0.2     0.0  step 4/24 (script 2)
   35.60   33.35   2220    339   4662     0.2     0.0  step 4/24 (script 2)
   35.69   41.68   2220    338   4662     0.2     0.0  step 4/24 (script 2)
   35.76   75.03   2220    338   4662     0.2     0.0  step 4/24 (script 2)
   43.78   41.68      0      0    352     0.0     0.0  step 12/24 (script 2)
   44.66  108.37   3693   1454  16963     0.5     0.1  step 14/24 (script 2)
   44.91  250.09   3763   1465  17405     0.5     0.1  step 14/24 (script 2)
   63.96   41.68      0      0    541     0.0     0.0  step 24/24 (script 2)
   84.13   41.68     22      4    440     0.0     0.0  step 24/24 (script 2)
   94.38   41.68     51      3    445     0.0     0.0  step 6/12 (script 3)
   94.42   41.68     51      3    329     0.0     0.0  step 6/12 (script 3)
   94.46   41.68     51      3    329     0.0     0.0  step 6/12 (script 3)
   94.50   41.68     51      3    329     0.0     0.0  step 6/12 (script 3)
   94.54   41.68     51      3    218     0.0     0.0  step 6/12 (script 3)
   94.59   45.85     51      3    218     0.0     0.0  step 6/12 (script 3)
   94.62   29.18     51      3    218     0.0     0.0  step 6/12 (script 3)
   94.66   41.68     96      3    419     0.0     0.0  step 7/12 (script 3)
   94.71   45.85     45      3    315     0.0     0.0  step 7/12 (script 3)
   94.74   37.51     45      3    315     0.0     0.0  step 7/12 (script 3)
   94.78   41.68     45      3    315     0.0     0.0  step 7/12 (script 3)
   94.83   41.68     45      3    315     0.0     0.0  step 7/12 (script 3)
   94.87   41.68     45      3    315     0.0     0.0  step 7/12 (script 3)
   97.78  103.72   2723    666  37115     4.1     0.0  step 10/12 (script 3)
   97.81   25.01   2861    694  38577     4.1     0.0  step 10/12 (script 3)
   97.83   25.01   2861    694  38577     4.1     0.0  step 10/12 (script 3)
   98.02   58.35    903    258  39785     4.1     0.0  step 11/12 (script 3)
   98.10   75.03    903    260  39785     0.2     0.0  step 12/12 (script 3)
   98.33   75.03    747    112   3056     0.0     0.0  step 12/12 (script 3)
   98.41   58.35    747    113   3188     0.0     0.0  step 1/12 (script 3)
   99.39   25.01    788    111   1956     2.3     0.0  step 1/12 (script 3)
  103.34   25.01   1256    301   4247     0.2     0.0  step 8/12 (script 3)
  103.36   25.01   1256    301   4247     0.2     0.0  step 8/12 (script 3)
  104.29   33.35    248     48    974     0.2     0.0  step 9/12 (script 3)
  108.09   37.51   1091    195   4030     0.0     0.0  step 4/12 (script 3)
  108.50   25.01    406     70   1594     0.0     0.0  step 6/12 (script 3)
  124.45   37.51     15      0    610     0.0     0.0  step 8/12 (script 3)
  144.60   41.68      0      0    436     0.0     0.0  step 7/12 (script 3)
  164.78   41.68      0      3    538     0.0     0.0  step 3/12 (script 3)
  184.95   41.68      0      0    408     0.0     0.0  step 1/12 (script 3)
  193.79   25.01      0      0    442     0.0     0.0  step 6/12 (script 3)
  205.14   58.35      0      0    650     0.0     0.0  step 1/12 (script 3)
  209.66   37.51      0      0    326     0.0     0.0  step 8/12 (script 3)
  213.88   25.01      0      0    571     0.0     0.0  step 2/12 (script 3)
  218.00   25.01      0      1    450     0.0     0.0  step 9/12 (script 3)
  223.91   25.01      0      0    428     0.0     0.0  step 8/12 (script 3)
  225.34   66.69      0      0    346     0.0     0.0  step 10/12 (script 3)
  225.36   25.01      0      0    346     0.0     0.0  step 10/12 (script 3)
  238.97   25.01      0      0    317     0.0     0.0  step 9/12 (script 3)
